14 15 maquina 
-1 -1 -1 -1 103 107 106 1 2 3 4 130 6 7 
-1 -1 -1 102 104 105 108 -1 125 126 129 5 8 10 
-1 -1 -1 100 101 109 110 122 123 124 127 128 9 11 
-1 -1 -1 99 116 111 118 119 121 -1 -1 13 12 15 
-1 -1 98 91 115 117 112 -1 120 -1 -1 -1 14 16 
-1 97 94 92 90 114 113 -1 -1 -1 21 22 19 17 
96 95 93 -1 88 89 28 27 25 24 23 20 18 -1 
-1 -1 -1 -1 86 87 29 30 26 -1 -1 -1 38 -1 
-1 -1 -1 -1 -1 85 -1 -1 31 33 -1 -1 37 39 
-1 -1 80 81 83 84 57 56 55 32 34 -1 36 40 
-1 -1 79 82 -1 -1 -1 58 59 54 52 35 -1 41 
-1 -1 -1 78 -1 69 -1 -1 60 53 -1 51 42 44 
75 -1 77 -1 70 -1 68 -1 -1 61 50 49 43 45 
74 76 72 71 -1 67 65 -1 62 -1 -1 48 -1 46 
-1 73 -1 -1 -1 66 64 63 -1 -1 -1 -1 47 -1 
