20 20 maquina 
-1 -1 -1 -1 -1 -1 -1 -1 -1 143 -1 141 140 -1 -1 -1 -1 -1 -1 -1 
-1 -1 -1 -1 -1 -1 -1 171 170 144 142 146 139 -1 -1 -1 -1 -1 -1 -1 
-1 -1 -1 -1 -1 -1 -1 172 169 168 145 -1 147 138 -1 -1 -1 -1 -1 -1 
-1 -1 -1 -1 -1 -1 -1 -1 173 174 167 176 137 148 -1 -1 -1 -1 -1 -1 
-1 -1 -1 30 29 -1 -1 -1 165 166 175 136 177 149 151 -1 -1 -1 -1 -1 
34 -1 32 31 28 -1 -1 -1 163 164 135 133 155 152 150 -1 -1 -1 -1 -1 
35 33 26 27 -1 -1 -1 -1 -1 162 134 156 132 154 153 128 -1 -1 -1 -1 
36 37 39 25 -1 -1 -1 -1 -1 159 161 157 123 131 130 129 127 -1 -1 -1 
41 40 38 23 24 -1 -1 -1 -1 160 158 121 122 124 -1 126 -1 -1 -1 -1 
42 18 22 21 -1 -1 -1 -1 -1 -1 120 -1 -1 -1 125 -1 -1 -1 -1 -1 
17 43 19 20 -1 -1 -1 -1 -1 -1 119 -1 114 -1 -1 -1 -1 -1 -1 -1 
16 14 44 45 46 47 -1 -1 -1 -1 118 -1 115 113 -1 -1 -1 -1 -1 -1 
15 -1 13 51 48 54 55 56 57 61 117 116 111 112 -1 -1 -1 -1 -1 -1 
-1 12 50 49 52 53 -1 -1 62 58 60 -1 -1 110 -1 -1 106 -1 -1 -1 
-1 11 9 -1 -1 -1 64 63 -1 59 -1 -1 -1 -1 109 107 105 99 100 -1 
-1 6 10 8 -1 65 -1 -1 -1 -1 -1 -1 -1 -1 90 108 98 104 103 101 
-1 5 7 67 66 -1 -1 -1 -1 -1 -1 -1 -1 89 87 91 94 97 96 102 
-1 -1 4 68 69 -1 -1 -1 -1 -1 -1 -1 -1 86 88 92 93 95 -1 -1 
-1 -1 3 2 -1 70 73 75 -1 78 81 82 83 85 -1 -1 -1 -1 -1 -1 
-1 -1 -1 1 71 72 74 76 77 80 79 -1 84 -1 -1 -1 -1 -1 -1 -1 
