20 20 maquina 
-1 -1 -1 -1 -1 -1 -1 -1 -1 143 -1 141 140 -1 -1 -1 -1 -1 -1 -1 
-1 -1 -1 -1 -1 -1 -1 0 170 144 0 0 139 -1 -1 -1 -1 -1 -1 -1 
-1 -1 -1 -1 -1 -1 -1 172 0 0 145 -1 0 138 -1 -1 -1 -1 -1 -1 
-1 -1 -1 -1 -1 -1 -1 -1 173 174 0 176 0 0 -1 -1 -1 -1 -1 -1 
-1 -1 -1 30 29 -1 -1 -1 0 166 0 136 177 149 151 -1 -1 -1 -1 -1 
34 -1 32 0 28 -1 -1 -1 163 0 135 133 0 152 150 -1 -1 -1 -1 -1 
35 33 0 27 -1 -1 -1 -1 -1 162 0 156 0 154 153 128 -1 -1 -1 -1 
0 37 39 0 -1 -1 -1 -1 -1 159 161 157 0 0 0 129 127 -1 -1 -1 
0 40 0 23 24 -1 -1 -1 -1 0 158 121 122 124 -1 126 -1 -1 -1 -1 
42 18 22 21 -1 -1 -1 -1 -1 -1 120 -1 -1 -1 0 -1 -1 -1 -1 -1 
17 0 0 20 -1 -1 -1 -1 -1 -1 119 -1 0 -1 -1 -1 -1 -1 -1 -1 
0 14 44 45 46 47 -1 -1 -1 -1 0 -1 115 113 -1 -1 -1 -1 -1 -1 
15 -1 13 51 48 54 55 56 57 61 0 116 111 0 -1 -1 -1 -1 -1 -1 
-1 12 50 0 52 53 -1 -1 62 58 60 -1 -1 110 -1 -1 0 -1 -1 -1 
-1 11 9 -1 -1 -1 0 63 -1 59 -1 -1 -1 -1 109 0 0 99 0 -1 
-1 0 10 8 -1 65 -1 -1 -1 -1 -1 -1 -1 -1 90 108 98 104 103 0 
-1 5 7 67 0 -1 -1 -1 -1 -1 -1 -1 -1 0 87 0 94 97 0 102 
-1 -1 4 0 69 -1 -1 -1 -1 -1 -1 -1 -1 0 0 0 0 0 -1 -1 
-1 -1 3 2 -1 70 0 0 -1 78 0 82 83 85 -1 -1 -1 -1 -1 -1 
-1 -1 -1 1 71 0 0 0 0 80 79 -1 0 -1 -1 -1 -1 -1 -1 -1 
