14 15 maquina 
-1 -1 -1 -1 0 107 106 1 2 0 0 130 6 0 
-1 -1 -1 102 0 0 0 -1 0 126 129 0 0 10 
-1 -1 -1 0 101 109 0 0 123 124 0 0 0 11 
0 -1 0 99 0 111 118 0 121 -1 -1 13 12 15 
-1 -1 98 0 0 117 112 -1 0 -1 -1 -1 14 0 
-1 0 94 0 0 114 113 -1 -1 -1 21 22 19 0 
96 95 93 -1 0 89 28 0 0 24 23 0 18 -1 
-1 -1 -1 0 86 0 0 0 26 -1 -1 -1 38 -1 
-1 -1 -1 0 -1 0 -1 -1 31 33 -1 -1 0 39 
-1 -1 80 0 83 0 0 0 55 32 0 -1 0 40 
-1 -1 79 82 -1 -1 -1 58 59 0 52 35 -1 41 
-1 -1 0 78 -1 69 -1 -1 0 53 -1 0 42 0 
75 -1 77 0 70 -1 0 -1 0 0 50 0 43 0 
74 76 72 0 -1 67 0 0 0 -1 0 0 -1 0 
-1 73 -1 -1 -1 66 64 63 -1 -1 0 -1 0 -1 
